   0
   0
   28.0854    8.6313
    8.6313    6.6464
   32.07273
    0.00000
    0.00000
    0.00000
    0.00000
    0.00000
    0.00000
    0.00000
    0.00000
    0.00000
   27.8920    5.0205
    5.0205    6.9728
   32.07273
    0.00000
    0.00000
    0.00000
    0.00000
    0.00000
    0.00000
    0.00000
    0.00000
    0.00000
   28.3962    4.5402
    4.5402    7.6742
   32.07273
    0.00000
    0.00000
    0.00000
    0.00000
    0.00000
    0.00000
    0.00000
    0.00000
    0.00000
   29.0871    4.6109
    4.6109    8.3686
   32.07273
    0.00000
    0.00000
    0.00000
    0.00000
    0.00000
    0.00000
    0.00000
    0.00000
    0.00000
   29.8775    4.7822
    4.7822    9.1225
   32.07273
    0.00000
    0.00000
    0.00000
    0.00000
    0.00000
    0.00000
    0.00000
    0.00000
    0.00000
   30.7553    4.9736
    4.9736    9.9557
   32.07273
    0.00000
    0.00000
    0.00000
    0.00000
    0.00000
    0.00000
    0.00000
    0.00000
    0.00000
   31.7227    5.1710
    5.1710   10.8759
   32.07273
    0.00000
    0.00000
    0.00000
    0.00000
    0.00000
    0.00000
    0.00000
    0.00000
    0.00000
   32.7844    5.3719
    5.3719   11.8889
   32.07273
    0.00000
    0.00000
    0.00000
    0.00000
    0.00000
    0.00000
    0.00000
    0.00000
    0.00000
   33.9462    5.5762
    5.5762   13.0006
   32.07273
    0.00000
    0.00000
    0.00000
    0.00000
    0.00000
    0.00000
    0.00000
    0.00000
    0.00000
   35.2147    5.7840
    5.7840   14.2176
   32.07273
    0.00000
    0.00000
    0.00000
    0.00000
    0.00000
    0.00000
    0.00000
    0.00000
    0.00000
